"1301188477523030017"
"1301129982236917769"
"1301269750140620803"
"1301277059755339776"
"1301008852150677505"
"1300979255707340802"
"1300950500582584320"
"1301261705343836160"
"1301263964299505664"
"1301082539197714432"
"1301216931807191045"
"1301121166619422721"
"1300967558368157696"
"1301031484594163715"
"1301307868117979136"
"1301251648497627137"
"1301223740525617152"
"1301206335623634944"
"1301197808016392194"
"1301196270988451840"
"1301166003364212743"
"1301163574757388290"
"1301162331284615168"
"1301255722412503042"
"1301249565224443904"
"1301010450411208705"
"1301279313468076033"
"1301222544800800768"
"1301298370313465857"
"1301296811194216449"
"1301293829551579136"
"1301293829417443328"
"1301292925410664449"
"1301292532240986114"
"1301290240980791296"
"1301287694857887752"
"1301279772769685505"
"1301278732276174850"
"1301278073384570880"
"1301267761356836864"
"1301266418898546688"
"1301262148648218624"
"1301260565533294593"
"1301260233164107777"
"1301260195855646721"
"1301259268218331138"
"1301257053999116289"
"1301255576425385984"
"1301250739826696192"
"1301249781164060674"
"1301244432864468992"
"1301240760378032136"
"1301239595351158784"
"1301238765638356997"
"1301238710890094592"
"1301238260908191744"
"1301235118082793474"
"1301232196561391616"
"1301232104584470529"
"1301231668896899073"
"1301230299460907009"
"1301227785902460928"
"1301227210460684288"
"1301225515240439808"
"1301224041156550657"
"1301223161636286465"
"1301222623720992769"
"1301220373153841152"
"1301220267541307393"
"1301216189461540869"
"1301214497907113984"
"1301213292963213318"
"1301213236163948544"
"1301212728070221827"
"1301210013025927171"
"1301209899834187779"
"1301209061069910016"
"1301208542939156488"
"1301206613580283906"
"1301204765452500995"
"1301204603812315137"
"1301203784358559745"
"1301203621711949825"
"1301202625615015936"
"1301202285490561027"
"1301202047052795906"
"1301201880958279684"
"1301201513998675970"
"1301199107046797312"
"1301198847209689088"
"1301198519743651841"
"1301197944318722048"
"1301197145521954816"
"1301195778564796416"
"1301195537060900865"
"1301195384203640834"
"1301195074030764032"
"1301194714457059332"
"1301194625366056962"
"1301193965040021504"
"1301191528988250112"
"1301190017554018307"
"1301189637898002432"
"1301188738236600320"
"1301184436038512643"
"1301182379592167424"
"1301182135382966277"
"1301182054646784001"
"1301179358976110594"
"1301178226991968256"
"1301176782046081028"
"1301176721949900800"
"1301175758900080641"
"1301174475799527424"
"1301173221912346625"
"1301173142065418247"
"1301173114831687680"
"1301172091992113156"
"1301171685262012418"
"1301171013321994241"
"1301169270362181632"
"1301169265479946240"
"1301166923942690817"
"1301166773304274944"
"1301164675489505280"
"1301164067676061696"
"1301162548369207297"
"1301159016387747840"
"1301158398684266502"
"1301150989131624448"
"1301146303645319169"
"1301128584191500288"
"1301123380679147521"
"1301119024932290560"
"1301116062008713216"
"1301098447450157056"
"1301053125919346689"
"1301207099570085891"
"1301192923208470528"
"1301186075642085376"
"1301131514680430592"
"1301116627493289984"
"1301097064101797889"
"1301086389304426497"
"1301044436001001473"
"1301002872994193409"
"1300978250437611522"
"1301212087084109826"
"1301150393695694850"
"1301138609798606849"
"1301125603190603778"
"1301120505366409216"
"1301106136939192323"
"1301098832806268933"
"1301042510983319552"
"1301011333257793537"
"1301005888157872129"
"1300986742913277952"
"1300949655921008640"
"1301305672462729218"
"1301207096533250048"
"1301186379779420161"
"1301279311408902144"
"1300973282552942592"
"1301179146752712704"
"1301294136755134465"
"1301302193455157248"
"1301293776057651200"
"1301292809241071616"
"1301288801877274631"
"1301288437627019264"
"1301283880209580033"
"1301274972837511169"
"1301274935055257601"
"1301258828550410246"
"1301253326437195776"
"1301252321712668674"
"1301252000433270785"
"1301249961879769088"
"1301249929852186625"
"1301249536925536258"
"1301234995676303360"
"1301228033617965056"
"1301214558602788867"
"1301203666423218176"
"1301199161732161537"
"1301196423224987649"
"1301193450356908032"
"1301182614485729280"
"1301180583129874433"
"1301179161826881537"
"1301163354506092548"
"1301161250945224706"
"1301158226809978885"
"1301155624173133824"
"1301133114039775235"
"1301128600289185792"
"1301126767386800130"
"1301120167242498048"
"1301104016290701312"
"1301095527438864390"
"1301095397805391872"
"1301093775742177280"
"1301091571719450624"
"1301083174961688579"
"1301069755084935168"
"1301056998147055616"
"1301054404745928704"
"1301032847399153665"
"1301032705950449670"
"1301029942113849349"
"1301029557009555458"
"1301027002896412673"
"1301012420509409280"
"1301002847031562240"
"1300999463335415808"
"1300979409369866240"
"1300977771930202112"
"1300976842535579649"
"1301287140437798914"
"1301067788807675904"
"1301293583417319424"
"1301289836901543936"
"1301286395714166796"
"1301092407585443843"
"1301270587155845121"
"1301248503008522240"
"1301186008634007553"
"1301172293943652354"
"1301171482370994178"
"1301141413585809409"
"1301098976574345217"
"1301016328757796870"
"1300960401530613760"
"1301305674974916608"
"1301303053874798592"
"1301301492897525762"
"1301301264471400448"
"1301299681683623937"
"1301299321518911489"
"1301295512906133504"
"1301294639484481537"
"1301293824958963712"
"1301290604262027272"
"1301287249179545600"
"1301285749816524804"
"1301284955386007552"
"1301282378623709184"
"1301282235757125632"
"1301280865968885760"
"1301276794897731596"
"1301275830555901952"
"1301273902098849794"
"1301271560091656193"
"1301270377226797064"
"1301268183702278144"
"1301267499187658753"
"1301267157334982657"
"1301262772634890241"
"1301262371386609664"
"1301262246014746631"
"1301261658640113664"
"1301254409947676673"
"1301251691656945665"
"1301251213858660354"
"1301250291149479936"
"1301247672242679808"
"1301247175935045632"
"1301246641371066368"
"1301241567651475462"
"1301240944394514432"
"1301239202332332034"
"1301238862635704320"
"1301238743869935616"
"1301238617080246274"
"1301237431023398914"
"1301237364015140864"
"1301236578484973573"
"1301236539234623492"
"1301233565347254278"
"1301233434069807104"
"1301225721159876623"
"1301225491790090241"
"1301225180744876033"
"1301221363248758788"
"1301219346174287874"
"1301215784782495745"
"1301215124712296450"
"1301212969251098627"
"1301212882605150216"
"1301212352168296450"
"1301210221180792832"
"1301208472835428352"
"1301207043664154630"
"1301206834020311042"
"1301206514804416513"
"1301204672334770179"
"1301204186307026946"
"1301203472973533186"
"1301201605031866377"
"1301200552425132034"
"1301200216327028737"
"1301199098192654337"
"1301198366739705857"
"1301197510510350337"
"1301195983246831616"
"1301193696411607042"
"1301191444464459776"
"1301191178386395139"
"1301188998019260417"
"1301188698348847107"
"1301186818797219841"
"1301181965580873734"
"1301179951513628673"
"1301179875865300993"
"1301177677768986627"
"1301177570528915458"
"1301177218324770816"
"1301175893990219778"
"1301174009237774338"
"1301168411062407168"
"1301166472656556035"
"1301166113653436417"
"1301165053404741632"
"1301164661681926144"
"1301164092179255296"
"1301163922691485699"
"1301161111639797760"
"1301160857213325318"
"1301159333057658883"
"1301155769753141248"
"1301155739629744140"
"1301154978355175424"
"1301154151393566721"
"1301153936548663296"
"1301153539893403649"
"1301151064771751936"
"1301150946098065409"
"1301150176380420096"
"1301150074551054337"
"1301149270796644354"
"1301148096198516736"
"1301144306745442307"
"1301143701205536769"
"1301143358216327168"
"1301143210199314435"
"1301142283115540480"
"1301142136356777984"
"1301141533798924289"
"1301134487896563713"
"1301133515149500417"
"1301130950353530885"
"1301128443938197506"
"1301126187511689218"
"1301122330031206400"
"1301119620510822401"
"1301118309027532801"
"1301118062981251073"
"1301117937353449473"
"1301117471051493377"
"1301116171811459072"
"1301108399510298624"
"1301107896118370307"
"1301107648960647169"
"1301103379142373376"
"1301102830128832512"
"1301100490806226944"
"1301097997078593536"
"1301096321533857797"
"1301092748959727616"
"1301091181011652608"
"1301090617288732672"
"1301090595067240448"
"1301082944421986304"
"1301082431877939201"
"1301075804818874373"
"1301075639345139714"
"1301075481123368960"
"1301073227003965445"
"1301067782923091968"
"1301063975380103168"
"1301060867241508864"
"1301059521394159617"
"1301058897638289413"
"1301052065456807936"
"1301045911431319552"
"1301042133491748864"
"1301040158024794114"
"1301039007053352960"
"1301018532092678144"
"1301016679669927936"
"1301011715442659329"
"1301009046028210176"
"1301006214864736257"
"1301000191663697921"
"1300990347863101440"
"1300986428491350021"
"1300983883354255362"
"1300976081688604672"
"1300972457332035586"
"1300971478112899072"
"1300970257444753408"
"1300968717900115968"
"1300963339078565888"
"1300958432720117760"
"1300957204074422281"
"1300956628137598979"
"1300953751742603264"
"1300953540567891971"
"1300951959424233473"
"1300951179699073025"
"1300946763277316100"
"1301178269488668672"
"1301177581522350082"
"1301271734943875074"
"1301233819236945920"
"1301151247207202818"
"1301061602725294083"
"1301246733863665664"
"1301165003832201218"
"1301293488458403842"
"1301215576304607232"
"1301300732793163776"
"1301300407076036608"
"1301298377687064576"
"1301298376395292672"
"1301294525114089473"
"1301290816518975489"
"1301288222232924160"
"1301286723972935680"
"1301279169360273409"
"1301274645786693646"
"1301274248519057409"
"1301273797744619522"
"1301271316528496641"
"1301264826229022720"
"1301263652675256322"
"1301263368892940294"
"1301257231967621120"
"1301257165240446978"
"1301252556589391872"
"1301251654331895811"
"1301249185178685441"
"1301248917460250624"
"1301248159671300096"
"1301243611108044805"
"1301238263831724039"
"1301237866027274241"
"1301231754070679555"
"1301230643272192001"
"1301228842124824577"
"1301228369380601858"
"1301227048090779648"
"1301224682876743680"
"1301223303688916993"
"1301222367302004736"
"1301222303573970946"
"1301221829680533508"
"1301220028327563264"
"1301217888334950400"
"1301216697832136708"
"1301215693749321734"
"1301215551331631114"
"1301213195839909889"
"1301211488577875973"
"1301211194469109763"
"1301209224752500736"
"1301205427963588610"
"1301203244509786112"
"1301202429116022786"
"1301202361449414656"
"1301202222269825024"
"1301202107354222592"
"1301201380280012801"
"1301201116676468744"
"1301200738484355073"
"1301199091485949954"
"1301198044478746626"
"1301196257470406656"
"1301195699120467973"
"1301194683901792262"
"1301193828590911490"
"1301193618754076677"
"1301193587237978112"
"1301193499518345216"
"1301193343372849154"
"1301192317693497352"
"1301191993020751874"
"1301190851301912577"
"1301190649769684992"
"1301190608283865089"
"1301189739500929027"
"1301188992264802304"
"1301188431876415489"
"1301188250564952065"
"1301187188906958849"
"1301187188093341697"
"1301184040201072642"
"1301183408715030528"
"1301181925797892098"
"1301181777323659267"
"1301181607462625280"
"1301181079114539010"
"1301180815200714756"
"1301178923187933184"
"1301178792241770498"
"1301178295292030982"
"1301178201591472128"
"1301174180331884545"
"1301173955965915138"
"1301172127089991680"
"1301171587392176129"
"1301170878907060225"
"1301170839505731586"
"1301170356733046784"
"1301169924761628677"
"1301168773546770437"
"1301168230384402438"
"1301167773654147072"
"1301167463585939458"
"1301167007312773121"
"1301166943936929799"
"1301165971131052033"
"1301165555185889280"
"1301165482628841473"
"1301165078801256450"
"1301164839574929409"
"1301164801427673088"
"1301163937254256645"
"1301163666109272067"
"1301163229406691329"
"1301163105259384832"
"1301162701926928384"
"1301162519315312642"
"1301162510796627976"
"1301162026853597185"
"1301161946935427073"
"1301161870271959040"
"1301161648007327748"
"1301161553161584640"
"1301161535985905664"
"1301161435691659266"
"1301160467705090050"
"1301160463867285505"
"1301160431143260160"
"1301160139580465152"
"1301160079685713923"
"1301160008168734720"
"1301159983984320513"
"1301159736956592134"
"1301159391832477696"
"1301159325541576705"
"1301159231480049665"
"1301158855456567296"
"1301158781439619077"
"1301158352484028418"
"1301158319512588290"
"1301158308036907012"
"1301158275623378944"
"1301158232984096774"
"1301158174439944193"
"1301158173483696134"
"1301167633857802242"
"1301231927005978624"
"1301082437154340865"
"1301144332930613248"
"1301219172169392128"
"1300986797082640384"
"1301286101479378944"
"1301288150682054656"
"1301256318615867392"
"1301232324609110016"
"1301193416949276675"
"1301185105311019008"
"1301178593037426688"
"1301171878745313280"
"1301162244185743361"
"1301120845520056321"
"1301088433859895296"
"1301077455596171264"
"1300985315302109184"
"1300968450974605312"
"1300968201962975232"
"1300967248140603392"
"1301125500954443777"
"1301037451192856586"
"1301190163473870848"
"1301133280880726021"
"1301276433470324737"
"1301259115189145600"
"1301257745149186048"
"1301160903451213824"
"1301145697920614402"
"1301135434261635072"
"1301096216143556610"
"1300989469118652417"
"1301195088408838144"
"1300993835309301760"
"1301239982191980544"
"1301182353792958465"
"1301108402769272832"
"1301213640591380485"
"1301196123130953730"
"1300970960581869568"
"1301171981979545600"
"1301259854548475904"
"1301254040991363072"
"1301171144905699329"
"1301038119404400640"
"1300990076881498112"
"1301191890998624256"
"1301080601626370050"
"1301160474457845761"
"1301035846204678145"
"1301194195479269379"
"1301193087683833856"
"1301165203032354816"
"1301201445451165696"
"1301301796225323011"
"1301289254677557256"
"1301217642619994119"
"1301206010196099074"
"1300984424482459649"
"1301283222584655872"
"1301276940096208896"
"1301266260286738434"
"1301263419845349382"
"1301220568604180481"
"1301219139827175424"
"1301210303498256386"
"1301203279347621888"
"1301196721628696576"
"1301196085923381252"
"1301195000311476225"
"1301191990135214084"
"1301190272878080000"
"1301189037575806978"
"1301018501566664704"
"1301183804883775493"
"1301223699811414016"
"1301269101789077504"
"1301216438867431424"
"1301187880224661506"
"1301186170441719811"
"1301143583286722567"
"1301109444516880385"
"1301025553722478592"
"1301233107832578065"
"1301222290923958272"
"1301160229942431745"
"1301080319173459968"
"1300996112904486912"
"1301232737702096899"
"1301229742155272203"
"1301217072643407872"
"1301210241263112192"
"1301193277648109570"
"1301153113202520064"
"1301148493403156485"
"1301147699652128770"
"1301147238031212549"
"1301146897202192387"
"1301129385940930561"
"1301127397152940032"
"1301126240502341635"
"1301122162196013056"
"1301112886543122432"
"1301105913013526528"
"1301104750163759104"
"1301103293960196097"
"1301102238224400386"
"1301051130823278593"
"1300996771578085382"
"1300994913111212032"
"1300989070349271041"
"1300969361440563201"
"1300958051479027717"
"1300953926070657025"
"1300952108951310336"
"1300949907805745155"
"1300949334209462272"
"1301304259988914179"
"1301301743003873282"
"1301300642301054979"
"1301299972080578560"
"1301299132049625089"
"1301295476076089346"
"1301295117249044480"
"1301293555814723584"
"1301293482892570625"
"1301293400164007936"
"1301293308275195904"
"1301293026220929026"
"1301290205794545664"
"1301287793184964609"
"1301284353683714048"
"1301284215431081984"
"1301281295889129472"
"1301280733210714112"
"1301278781194350592"
"1301277341453357056"
"1301276835599220742"
"1301275251104518146"
"1301274033648877568"
"1301272972414586881"
"1301272170811846657"
"1301271221716291586"
"1301270404569456640"
"1301270098594930690"
"1301268582752563202"
"1301267691341328386"
"1301267392572448769"
"1301266951445057538"
"1301265420079562752"
"1301265074028449795"
"1301262950058033152"
"1301260152805273600"
"1301259658062163969"
"1301259557570859009"
"1301255483118907392"
"1301251644110311424"
"1301251515701579776"
"1301244519418081283"
"1301241158148874241"
"1301241096995995649"
"1301239851946332161"
"1301239776742383618"
"1301238949784903680"
"1301238862539370497"
"1301238628077711361"
"1301236423618686982"
"1301236132441710597"
"1301235227063447555"
"1301234311413272576"
"1301233685266563073"
"1301233581465858048"
"1301233307158548480"
"1301232036678516736"
"1301230547587543040"
"1301229429662703616"
"1301228011359014912"
"1301227151123906560"
"1301227027715031040"
"1301219856935727106"
"1301218394562351105"
"1301214950795378688"
"1301212305070403586"
"1301212006280814595"
"1301211868976078849"
"1301209774630023169"
"1301208713517203458"
"1301207135238393856"
"1301206400870371330"
"1301205974523543557"
"1301205067819872258"
"1301204238295539713"
"1301202324786946049"
"1301201832241508352"
"1301201063782084613"
"1301200630695030788"
"1301199987745984512"
"1301199838348898305"
"1301199731469832196"
"1301197581146558467"
"1301197328515203072"
"1301195021287337985"
"1301195015113379840"
"1301194923056574464"
"1301194748921774090"
"1301192225632780288"
"1301190780577406976"
"1301189997018730496"
"1301189005913006081"
"1301188240058265600"
"1301187568759975944"
"1301186251035496448"
"1301184943767408640"
"1301183885720596482"
"1301182659163385857"
"1301182375494254592"
"1301182227552915458"
"1301182010677813249"
"1301181068876238849"
"1301178882075299840"
"1301178729746649088"
"1301178457196498946"
"1301178410010632201"
"1301176098412097536"
"1301175166890905603"
"1301172909029941248"
"1301172783980974081"
"1301172680389922816"
"1301170556918669312"
"1301169306152169477"
"1301169070100930567"
"1301168360978169858"
"1301168274147880960"
"1301166883031351296"
"1301166448610627587"
"1301166297783447552"
"1301165216479281152"
"1301164700781219842"
"1301162812211826692"
"1301162098291027970"
"1301161541618798594"
"1301160881347321857"
"1301160101059928066"
"1301158684677099522"
"1301157750634950661"
"1301157541095694338"
"1301156879062773760"
"1301156382486523905"
"1301155311043055618"
"1301153624014426113"
"1301153188205064192"
"1301153151538483200"
"1301152866644774912"
"1301152355392643074"
"1301149535130001408"
"1301148849843699714"
"1301145633731096577"
"1301145166888091653"
"1301144362328481793"
"1301143186040066050"
"1301142547855802373"
"1301141645161832448"
"1301139423606775808"
"1301139250507853826"
"1301139020077031426"
"1301138776635342848"
"1301138317170241537"
"1301137200399216643"
"1301134168827531269"
"1301132088729579520"
"1301130791569817600"
"1301125854374891521"
"1301123852555243521"
"1301123562447818754"
"1301119566303694851"
"1301117280261156864"
"1301116295761592322"
"1301115969646071809"
"1301114240363900928"
"1301112898794782720"
"1301111070485090306"
"1301109383871557633"
"1301108857381543936"
"1301108214923051008"
"1301107205844865024"
"1301104985162293248"
"1301103499485368320"
"1301103498017284096"
"1301100833510166528"
"1301097537642721281"
"1301096918001557504"
"1301095416004513792"
"1301089901639684097"
"1301088026584473601"
"1301082522361659392"
"1301066705729458177"
"1301066023232303104"
"1301064595013017601"
"1301061924839325696"
"1301059223254716416"
"1301058269448863752"
"1301051334402007040"
"1301048480664879107"
"1301039383836004353"
"1301028334889963520"
"1301025472952717313"
"1301021920486457345"
"1301020929762496513"
"1301014446748307457"
"1301013121084121088"
"1301008464093700097"
"1301008283780681728"
"1301006975166115841"
"1301005960731738112"
"1301005758851579904"
"1301005201160036352"
"1301001064666337281"
"1300998512197369856"
"1300997143503810561"
"1300995489672749056"
"1300989932685721601"
"1300988872835444738"
"1300986135066411010"
"1300985175963303936"
"1300984731366957056"
"1300984353468690432"
"1300981567305768961"
"1300980010254180352"
"1300979957640785920"
"1300979491272101889"
"1300977208035508225"
"1300974005592174594"
"1300970130139217922"
"1300959111383842816"
"1300959104551317506"
"1300958668935045123"
"1300957981979422720"
"1300956403369213953"
"1300955223888814080"
"1300953813117841408"
"1300950948223823873"
"1300950344516513792"
"1300946952838930434"
"1301259132515880962"
"1301212360967884802"
"1301190760348479488"
"1301218236961357825"
"1301097327529267200"
"1301099610157408263"
"1301188635648286725"
"1301260355457425411"
"1301252323616780288"
"1301251621276581893"
"1301235287503245313"
"1301128888844718083"
"1301125466540191745"
"1301120375200403463"
"1300990139649454080"
"1300982229888245760"
"1300953713171992576"
"1300950135090937857"
"1301295265354338305"
"1301265902663610369"
"1301102869047779328"
"1301257397026029571"
"1301232871609307136"
"1301068084686528512"
"1301186256408399874"
"1301161083240157186"
"1301137692340744192"
"1301136164536102912"
"1301024661233373185"
"1300951917204590592"
"1301167813822799873"
"1301202011493470209"
"1300997955822841856"
"1301098477645172737"
"1301307501355438089"
"1301096047943528453"
"1301256902790336517"
"1301254063820947456"
"1301043137612312576"
"1301115411342135296"
"1301099697638125569"
"1301093460896821248"
"1301161506936061953"
"1301089112334594048"
"1301061801719676928"
"1301024937507913729"
"1300988157232463873"
"1301197859254083586"
"1301170687554605059"
"1301233230549602305"
