"1312243667906646017"
